0	0
1	1
2	2
3	3
4	4
5	5
6	6
7	7
8	8
9	9
10	10
11	11
12	12
13	13
14	14
15	15
16	16
17	17
18	18
19	19
20	20
21	21
22	22
23	23
24	24
25	25
26	26
27	27
28	28
29	29
30	30
31	31
32	32
33	33
34	34
35	35
36	36
37	37
38	38
39	39
40	40
41	41
42	42
43	43
44	44
45	45
46	46
47	47
48	48
49	49
50	50
51	51
52	52
53	53
54	54
55	55
56	56
57	57
58	58
59	59
60	60
61	61
62	62
63	63
64	64
65	65
66	66
67	67
68	68
69	69
70	70
71	71
72	72
73	73
74	74
75	75
76	76
77	77
78	78
79	79
80	80
81	81
82	82
83	83
84	84
85	85
86	86
87	87
88	88
89	89
90	90
91	91
92	92
93	93
94	94
95	95
96	96
97	97
98	98
99	99
100	100
101	101
102	102
103	103
104	104
105	105
106	106
107	107
108	108
109	109
110	110
111	111
112	112
113	113
114	114
115	115
116	116
117	117
118	118
119	119
120	120
121	121
122	122
123	123
124	124
125	125
126	126
127	127
128	128
129	129
130	130
131	131
132	132
133	133
134	134
135	135
136	136
137	137
138	138
139	139
140	140
141	141
142	142
143	143
144	144
145	145
146	146
147	147
148	148
149	149
150	150
151	151
152	152
153	153
154	154
155	155
156	156
157	157
158	158
159	159
160	160
161	161
162	162
163	163
164	164
165	165
166	166
167	167
168	168
169	169
170	170
171	171
172	172
173	173
174	174
175	175
176	176
177	177
178	178
179	179
180	180
181	181
182	182
183	183
184	184
185	185
186	186
187	187
188	188
189	189
190	190
191	191
192	192
193	193
194	194
195	195
196	196
197	197
198	198
199	199
200	200
201	201
202	202
203	203
204	204
205	205
206	206
207	207
208	208
209	209
210	210
211	211
212	212
213	213
214	214
215	215
216	216
217	217
218	218
219	219
220	220
221	221
222	222
223	223
224	224
225	225
226	226
227	227
228	228
229	229
230	230
231	231
232	232
233	233
234	234
235	235
236	236
237	237
238	238
239	239
240	240
241	241
242	242
243	243
244	244
245	245
246	246
247	247
248	248
249	249
250	250
251	251
252	252
253	253
254	254
255	255
256	256
257	257
258	258
259	259
260	260
261	261
262	262
263	263
264	264
265	265
266	266
267	267
268	268
269	269
270	270
271	271
272	272
273	273
274	274
275	275
276	276
277	277
278	278
279	279
280	280
281	281
282	282
283	283
284	284
285	285
286	286
287	287
288	288
289	289
290	290
291	291
292	292
293	293
294	294
295	295
296	296
297	297
298	298
299	299
300	300
301	301
302	302
303	303
304	304
305	305
306	306
307	307
308	308
309	309
310	310
311	311
312	312
313	313
314	314
315	315
316	316
317	317
318	318
319	319
320	320
321	321
322	322
323	323
324	324
325	325
326	326
327	327
328	328
329	329
330	330
331	331
332	332
333	333
334	334
335	335
336	336
337	337
338	338
339	339
340	340
341	341
342	342
343	343
344	344
345	345
346	346
347	347
348	348
349	349
350	350
351	351
352	352
353	353
354	354
355	355
356	356
357	357
358	358
359	359
360	360
361	361
362	362
363	363
364	364
365	365
366	366
367	367
368	368
369	369
370	370
371	371
372	372
373	373
374	374
375	375
376	376
377	377
378	378
379	379
380	380
381	381
382	382
383	383
384	384
385	385
386	386
387	387
388	388
389	389
390	390
391	391
392	392
393	393
394	394
395	395
396	396
397	397
398	398
399	399
400	400
401	401
402	402
403	403
404	404
405	405
406	406
407	407
408	408
409	409
410	410
411	411
412	412
413	413
414	414
415	415
416	416
417	417
418	418
419	419
420	420
421	421
422	422
423	423
424	424
425	425
426	426
427	427
428	428
429	429
430	430
431	431
432	432
433	433
434	434
435	435
436	436
437	437
438	438
439	439
440	440
441	441
442	442
443	443
444	444
445	445
446	446
447	447
448	448
449	449
450	450
451	451
452	452
453	453
454	454
455	455
456	456
457	457
458	458
459	459
460	460
461	461
462	462
463	463
464	464
465	465
466	466
467	467
468	468
469	469
470	470
471	471
472	472
473	473
474	474
475	475
476	476
477	477
478	478
479	479
480	480
481	481
482	482
483	483
484	484
485	485
486	486
487	487
488	488
489	489
490	490
491	491
492	492
493	493
494	494
495	495
496	496
497	497
498	498
499	499
500	500
501	501
502	502
503	503
504	504
505	505
506	506
507	507
508	508
509	509
510	510
511	511
512	512
513	513
514	514
515	515
516	516
517	517
518	518
519	519
520	520
521	521
522	522
523	523
524	524
525	525
526	526
527	527
528	528
529	529
530	530
531	531
532	532
533	533
534	534
535	535
536	536
537	537
538	538
539	539
540	540
541	541
542	542
543	543
544	544
545	545
546	546
547	547
548	548
549	549
550	550
551	551
552	552
553	553
554	554
555	555
556	556
557	557
558	558
559	559
560	560
561	561
562	562
563	563
564	564
565	565
566	566
567	567
568	568
569	569
570	570
571	571
572	572
573	573
574	574
575	575
576	576
577	577
578	578
579	579
580	580
581	581
582	582
583	583
584	584
585	585
586	586
587	587
588	588
589	589
590	590
591	591
592	592
593	593
594	594
595	595
596	596
597	597
598	598
599	599
600	600
601	601
602	602
603	603
604	604
605	605
606	606
607	607
608	608
609	609
610	610
611	611
612	612
613	613
614	614
615	615
616	616
617	617
618	618
619	619
620	620
621	621
622	622
623	623
624	624
0	625
1	625
2	625
3	625
4	625
5	625
6	625
7	625
8	625
9	625
10	625
11	625
12	625
13	625
14	625
15	625
16	625
17	625
18	625
19	625
20	625
21	625
22	625
23	625
24	625
25	625
26	625
27	625
28	625
29	625
30	625
31	625
32	625
33	625
34	625
35	625
36	625
37	625
38	625
39	625
40	625
41	625
42	625
43	625
44	625
45	625
46	625
47	625
48	625
49	625
50	625
51	625
52	625
53	625
54	625
55	625
56	625
57	625
58	625
59	625
60	625
61	625
62	625
63	625
64	625
65	625
66	625
67	625
68	625
69	625
70	625
71	625
72	625
73	625
74	625
75	625
76	625
77	625
78	625
79	625
80	625
81	625
82	625
83	625
84	625
85	625
86	625
87	625
88	625
89	625
90	625
91	625
92	625
93	625
94	625
95	625
96	625
97	625
98	625
99	625
100	625
101	625
102	625
103	625
104	625
105	625
106	625
107	625
108	625
109	625
110	625
111	625
112	625
113	625
114	625
115	625
116	625
117	625
118	625
119	625
120	625
121	625
122	625
123	625
124	625
125	626
126	626
127	626
128	626
129	626
130	626
131	626
132	626
133	626
134	626
135	626
136	626
137	626
138	626
139	626
140	626
141	626
142	626
143	626
144	626
145	626
146	626
147	626
148	626
149	626
150	626
151	626
152	626
153	626
154	626
155	626
156	626
157	626
158	626
159	626
160	626
161	626
162	626
163	626
164	626
165	626
166	626
167	626
168	626
169	626
170	626
171	626
172	626
173	626
174	626
175	626
176	626
177	626
178	626
179	626
180	626
181	626
182	626
183	626
184	626
185	626
186	626
187	626
188	626
189	626
190	626
191	626
192	626
193	626
194	626
195	626
196	626
197	626
198	626
199	626
200	626
201	626
202	626
203	626
204	626
205	626
206	626
207	626
208	626
209	626
210	626
211	626
212	626
213	626
214	626
215	626
216	626
217	626
218	626
219	626
220	626
221	626
222	626
223	626
224	626
225	626
226	626
227	626
228	626
229	626
230	626
231	626
232	626
233	626
234	626
235	626
236	626
237	626
238	626
239	626
240	626
241	626
242	626
243	626
244	626
245	626
246	626
247	626
248	626
249	626
250	627
251	627
252	627
253	627
254	627
255	627
256	627
257	627
258	627
259	627
260	627
261	627
262	627
263	627
264	627
265	627
266	627
267	627
268	627
269	627
270	627
271	627
272	627
273	627
274	627
275	627
276	627
277	627
278	627
279	627
280	627
281	627
282	627
283	627
284	627
285	627
286	627
287	627
288	627
289	627
290	627
291	627
292	627
293	627
294	627
295	627
296	627
297	627
298	627
299	627
300	627
301	627
302	627
303	627
304	627
305	627
306	627
307	627
308	627
309	627
310	627
311	627
312	627
313	627
314	627
315	627
316	627
317	627
318	627
319	627
320	627
321	627
322	627
323	627
324	627
325	627
326	627
327	627
328	627
329	627
330	627
331	627
332	627
333	627
334	627
335	627
336	627
337	627
338	627
339	627
340	627
341	627
342	627
343	627
344	627
345	627
346	627
347	627
348	627
349	627
350	627
351	627
352	627
353	627
354	627
355	627
356	627
357	627
358	627
359	627
360	627
361	627
362	627
363	627
364	627
365	627
366	627
367	627
368	627
369	627
370	627
371	627
372	627
373	627
374	627
375	628
376	628
377	628
378	628
379	628
380	628
381	628
382	628
383	628
384	628
385	628
386	628
387	628
388	628
389	628
390	628
391	628
392	628
393	628
394	628
395	628
396	628
397	628
398	628
399	628
400	628
401	628
402	628
403	628
404	628
405	628
406	628
407	628
408	628
409	628
410	628
411	628
412	628
413	628
414	628
415	628
416	628
417	628
418	628
419	628
420	628
421	628
422	628
423	628
424	628
425	628
426	628
427	628
428	628
429	628
430	628
431	628
432	628
433	628
434	628
435	628
436	628
437	628
438	628
439	628
440	628
441	628
442	628
443	628
444	628
445	628
446	628
447	628
448	628
449	628
450	628
451	628
452	628
453	628
454	628
455	628
456	628
457	628
458	628
459	628
460	628
461	628
462	628
463	628
464	628
465	628
466	628
467	628
468	628
469	628
470	628
471	628
472	628
473	628
474	628
475	628
476	628
477	628
478	628
479	628
480	628
481	628
482	628
483	628
484	628
485	628
486	628
487	628
488	628
489	628
490	628
491	628
492	628
493	628
494	628
495	628
496	628
497	628
498	628
499	628
500	629
501	629
502	629
503	629
504	629
505	629
506	629
507	629
508	629
509	629
510	629
511	629
512	629
513	629
514	629
515	629
516	629
517	629
518	629
519	629
520	629
521	629
522	629
523	629
524	629
525	629
526	629
527	629
528	629
529	629
530	629
531	629
532	629
533	629
534	629
535	629
536	629
537	629
538	629
539	629
540	629
541	629
542	629
543	629
544	629
545	629
546	629
547	629
548	629
549	629
550	629
551	629
552	629
553	629
554	629
555	629
556	629
557	629
558	629
559	629
560	629
561	629
562	629
563	629
564	629
565	629
566	629
567	629
568	629
569	629
570	629
571	629
572	629
573	629
574	629
575	629
576	629
577	629
578	629
579	629
580	629
581	629
582	629
583	629
584	629
585	629
586	629
587	629
588	629
589	629
590	629
591	629
592	629
593	629
594	629
595	629
596	629
597	629
598	629
599	629
600	629
601	629
602	629
603	629
604	629
605	629
606	629
607	629
608	629
609	629
610	629
611	629
612	629
613	629
614	629
615	629
616	629
617	629
618	629
619	629
620	629
621	629
622	629
623	629
624	629
0	630
1	630
2	630
3	630
4	630
5	630
6	630
7	630
8	630
9	630
10	630
11	630
12	630
13	630
14	630
15	630
16	630
17	630
18	630
19	630
20	630
21	630
22	630
23	630
24	630
25	631
26	631
27	631
28	631
29	631
30	631
31	631
32	631
33	631
34	631
35	631
36	631
37	631
38	631
39	631
40	631
41	631
42	631
43	631
44	631
45	631
46	631
47	631
48	631
49	631
50	632
51	632
52	632
53	632
54	632
55	632
56	632
57	632
58	632
59	632
60	632
61	632
62	632
63	632
64	632
65	632
66	632
67	632
68	632
69	632
70	632
71	632
72	632
73	632
74	632
75	633
76	633
77	633
78	633
79	633
80	633
81	633
82	633
83	633
84	633
85	633
86	633
87	633
88	633
89	633
90	633
91	633
92	633
93	633
94	633
95	633
96	633
97	633
98	633
99	633
100	634
101	634
102	634
103	634
104	634
105	634
106	634
107	634
108	634
109	634
110	634
111	634
112	634
113	634
114	634
115	634
116	634
117	634
118	634
119	634
120	634
121	634
122	634
123	634
124	634
125	635
126	635
127	635
128	635
129	635
130	635
131	635
132	635
133	635
134	635
135	635
136	635
137	635
138	635
139	635
140	635
141	635
142	635
143	635
144	635
145	635
146	635
147	635
148	635
149	635
150	636
151	636
152	636
153	636
154	636
155	636
156	636
157	636
158	636
159	636
160	636
161	636
162	636
163	636
164	636
165	636
166	636
167	636
168	636
169	636
170	636
171	636
172	636
173	636
174	636
175	637
176	637
177	637
178	637
179	637
180	637
181	637
182	637
183	637
184	637
185	637
186	637
187	637
188	637
189	637
190	637
191	637
192	637
193	637
194	637
195	637
196	637
197	637
198	637
199	637
200	638
201	638
202	638
203	638
204	638
205	638
206	638
207	638
208	638
209	638
210	638
211	638
212	638
213	638
214	638
215	638
216	638
217	638
218	638
219	638
220	638
221	638
222	638
223	638
224	638
225	639
226	639
227	639
228	639
229	639
230	639
231	639
232	639
233	639
234	639
235	639
236	639
237	639
238	639
239	639
240	639
241	639
242	639
243	639
244	639
245	639
246	639
247	639
248	639
249	639
250	640
251	640
252	640
253	640
254	640
255	640
256	640
257	640
258	640
259	640
260	640
261	640
262	640
263	640
264	640
265	640
266	640
267	640
268	640
269	640
270	640
271	640
272	640
273	640
274	640
275	641
276	641
277	641
278	641
279	641
280	641
281	641
282	641
283	641
284	641
285	641
286	641
287	641
288	641
289	641
290	641
291	641
292	641
293	641
294	641
295	641
296	641
297	641
298	641
299	641
300	642
301	642
302	642
303	642
304	642
305	642
306	642
307	642
308	642
309	642
310	642
311	642
312	642
313	642
314	642
315	642
316	642
317	642
318	642
319	642
320	642
321	642
322	642
323	642
324	642
325	643
326	643
327	643
328	643
329	643
330	643
331	643
332	643
333	643
334	643
335	643
336	643
337	643
338	643
339	643
340	643
341	643
342	643
343	643
344	643
345	643
346	643
347	643
348	643
349	643
350	644
351	644
352	644
353	644
354	644
355	644
356	644
357	644
358	644
359	644
360	644
361	644
362	644
363	644
364	644
365	644
366	644
367	644
368	644
369	644
370	644
371	644
372	644
373	644
374	644
375	645
376	645
377	645
378	645
379	645
380	645
381	645
382	645
383	645
384	645
385	645
386	645
387	645
388	645
389	645
390	645
391	645
392	645
393	645
394	645
395	645
396	645
397	645
398	645
399	645
400	646
401	646
402	646
403	646
404	646
405	646
406	646
407	646
408	646
409	646
410	646
411	646
412	646
413	646
414	646
415	646
416	646
417	646
418	646
419	646
420	646
421	646
422	646
423	646
424	646
425	647
426	647
427	647
428	647
429	647
430	647
431	647
432	647
433	647
434	647
435	647
436	647
437	647
438	647
439	647
440	647
441	647
442	647
443	647
444	647
445	647
446	647
447	647
448	647
449	647
450	648
451	648
452	648
453	648
454	648
455	648
456	648
457	648
458	648
459	648
460	648
461	648
462	648
463	648
464	648
465	648
466	648
467	648
468	648
469	648
470	648
471	648
472	648
473	648
474	648
475	649
476	649
477	649
478	649
479	649
480	649
481	649
482	649
483	649
484	649
485	649
486	649
487	649
488	649
489	649
490	649
491	649
492	649
493	649
494	649
495	649
496	649
497	649
498	649
499	649
500	650
501	650
502	650
503	650
504	650
505	650
506	650
507	650
508	650
509	650
510	650
511	650
512	650
513	650
514	650
515	650
516	650
517	650
518	650
519	650
520	650
521	650
522	650
523	650
524	650
525	651
526	651
527	651
528	651
529	651
530	651
531	651
532	651
533	651
534	651
535	651
536	651
537	651
538	651
539	651
540	651
541	651
542	651
543	651
544	651
545	651
546	651
547	651
548	651
549	651
550	652
551	652
552	652
553	652
554	652
555	652
556	652
557	652
558	652
559	652
560	652
561	652
562	652
563	652
564	652
565	652
566	652
567	652
568	652
569	652
570	652
571	652
572	652
573	652
574	652
575	653
576	653
577	653
578	653
579	653
580	653
581	653
582	653
583	653
584	653
585	653
586	653
587	653
588	653
589	653
590	653
591	653
592	653
593	653
594	653
595	653
596	653
597	653
598	653
599	653
600	654
601	654
602	654
603	654
604	654
605	654
606	654
607	654
608	654
609	654
610	654
611	654
612	654
613	654
614	654
615	654
616	654
617	654
618	654
619	654
620	654
621	654
622	654
623	654
624	654
0	655
1	655
2	655
3	655
4	655
5	656
6	656
7	656
8	656
9	656
10	657
11	657
12	657
13	657
14	657
15	658
16	658
17	658
18	658
19	658
20	659
21	659
22	659
23	659
24	659
25	660
26	660
27	660
28	660
29	660
30	661
31	661
32	661
33	661
34	661
35	662
36	662
37	662
38	662
39	662
40	663
41	663
42	663
43	663
44	663
45	664
46	664
47	664
48	664
49	664
50	665
51	665
52	665
53	665
54	665
55	666
56	666
57	666
58	666
59	666
60	667
61	667
62	667
63	667
64	667
65	668
66	668
67	668
68	668
69	668
70	669
71	669
72	669
73	669
74	669
75	670
76	670
77	670
78	670
79	670
80	671
81	671
82	671
83	671
84	671
85	672
86	672
87	672
88	672
89	672
90	673
91	673
92	673
93	673
94	673
95	674
96	674
97	674
98	674
99	674
100	675
101	675
102	675
103	675
104	675
105	676
106	676
107	676
108	676
109	676
110	677
111	677
112	677
113	677
114	677
115	678
116	678
117	678
118	678
119	678
120	679
121	679
122	679
123	679
124	679
125	680
126	680
127	680
128	680
129	680
130	681
131	681
132	681
133	681
134	681
135	682
136	682
137	682
138	682
139	682
140	683
141	683
142	683
143	683
144	683
145	684
146	684
147	684
148	684
149	684
150	685
151	685
152	685
153	685
154	685
155	686
156	686
157	686
158	686
159	686
160	687
161	687
162	687
163	687
164	687
165	688
166	688
167	688
168	688
169	688
170	689
171	689
172	689
173	689
174	689
175	690
176	690
177	690
178	690
179	690
180	691
181	691
182	691
183	691
184	691
185	692
186	692
187	692
188	692
189	692
190	693
191	693
192	693
193	693
194	693
195	694
196	694
197	694
198	694
199	694
200	695
201	695
202	695
203	695
204	695
205	696
206	696
207	696
208	696
209	696
210	697
211	697
212	697
213	697
214	697
215	698
216	698
217	698
218	698
219	698
220	699
221	699
222	699
223	699
224	699
225	700
226	700
227	700
228	700
229	700
230	701
231	701
232	701
233	701
234	701
235	702
236	702
237	702
238	702
239	702
240	703
241	703
242	703
243	703
244	703
245	704
246	704
247	704
248	704
249	704
250	705
251	705
252	705
253	705
254	705
255	706
256	706
257	706
258	706
259	706
260	707
261	707
262	707
263	707
264	707
265	708
266	708
267	708
268	708
269	708
270	709
271	709
272	709
273	709
274	709
275	710
276	710
277	710
278	710
279	710
280	711
281	711
282	711
283	711
284	711
285	712
286	712
287	712
288	712
289	712
290	713
291	713
292	713
293	713
294	713
295	714
296	714
297	714
298	714
299	714
300	715
301	715
302	715
303	715
304	715
305	716
306	716
307	716
308	716
309	716
310	717
311	717
312	717
313	717
314	717
315	718
316	718
317	718
318	718
319	718
320	719
321	719
322	719
323	719
324	719
325	720
326	720
327	720
328	720
329	720
330	721
331	721
332	721
333	721
334	721
335	722
336	722
337	722
338	722
339	722
340	723
341	723
342	723
343	723
344	723
345	724
346	724
347	724
348	724
349	724
350	725
351	725
352	725
353	725
354	725
355	726
356	726
357	726
358	726
359	726
360	727
361	727
362	727
363	727
364	727
365	728
366	728
367	728
368	728
369	728
370	729
371	729
372	729
373	729
374	729
375	730
376	730
377	730
378	730
379	730
380	731
381	731
382	731
383	731
384	731
385	732
386	732
387	732
388	732
389	732
390	733
391	733
392	733
393	733
394	733
395	734
396	734
397	734
398	734
399	734
400	735
401	735
402	735
403	735
404	735
405	736
406	736
407	736
408	736
409	736
410	737
411	737
412	737
413	737
414	737
415	738
416	738
417	738
418	738
419	738
420	739
421	739
422	739
423	739
424	739
425	740
426	740
427	740
428	740
429	740
430	741
431	741
432	741
433	741
434	741
435	742
436	742
437	742
438	742
439	742
440	743
441	743
442	743
443	743
444	743
445	744
446	744
447	744
448	744
449	744
450	745
451	745
452	745
453	745
454	745
455	746
456	746
457	746
458	746
459	746
460	747
461	747
462	747
463	747
464	747
465	748
466	748
467	748
468	748
469	748
470	749
471	749
472	749
473	749
474	749
475	750
476	750
477	750
478	750
479	750
480	751
481	751
482	751
483	751
484	751
485	752
486	752
487	752
488	752
489	752
490	753
491	753
492	753
493	753
494	753
495	754
496	754
497	754
498	754
499	754
500	755
501	755
502	755
503	755
504	755
505	756
506	756
507	756
508	756
509	756
510	757
511	757
512	757
513	757
514	757
515	758
516	758
517	758
518	758
519	758
520	759
521	759
522	759
523	759
524	759
525	760
526	760
527	760
528	760
529	760
530	761
531	761
532	761
533	761
534	761
535	762
536	762
537	762
538	762
539	762
540	763
541	763
542	763
543	763
544	763
545	764
546	764
547	764
548	764
549	764
550	765
551	765
552	765
553	765
554	765
555	766
556	766
557	766
558	766
559	766
560	767
561	767
562	767
563	767
564	767
565	768
566	768
567	768
568	768
569	768
570	769
571	769
572	769
573	769
574	769
575	770
576	770
577	770
578	770
579	770
580	771
581	771
582	771
583	771
584	771
585	772
586	772
587	772
588	772
589	772
590	773
591	773
592	773
593	773
594	773
595	774
596	774
597	774
598	774
599	774
600	775
601	775
602	775
603	775
604	775
605	776
606	776
607	776
608	776
609	776
610	777
611	777
612	777
613	777
614	777
615	778
616	778
617	778
618	778
619	778
620	779
621	779
622	779
623	779
624	779
