0	0
1	1
2	2
3	3
4	4
5	5
6	6
7	7
8	8
9	9
10	10
11	11
12	12
13	13
14	14
15	15
16	16
17	17
18	18
19	19
20	20
21	21
22	22
23	23
24	24
25	25
26	26
27	27
28	28
29	29
30	30
31	31
32	32
33	33
34	34
35	35
36	36
37	37
38	38
39	39
40	40
41	41
42	42
43	43
44	44
45	45
46	46
47	47
48	48
49	49
50	50
51	51
52	52
53	53
54	54
55	55
56	56
57	57
58	58
59	59
60	60
61	61
62	62
63	63
64	64
65	65
66	66
67	67
68	68
69	69
70	70
71	71
72	72
73	73
74	74
75	75
76	76
77	77
78	78
79	79
80	80
81	81
82	82
83	83
84	84
85	85
86	86
87	87
88	88
89	89
90	90
91	91
92	92
93	93
94	94
95	95
96	96
97	97
98	98
99	99
100	100
101	101
102	102
103	103
104	104
105	105
106	106
107	107
108	108
109	109
110	110
111	111
112	112
113	113
114	114
115	115
116	116
117	117
118	118
119	119
120	120
121	121
122	122
123	123
124	124
125	125
126	126
127	127
128	128
129	129
130	130
131	131
132	132
133	133
134	134
135	135
136	136
137	137
138	138
139	139
140	140
141	141
142	142
143	143
144	144
145	145
146	146
147	147
148	148
149	149
150	150
151	151
152	152
153	153
154	154
155	155
156	156
157	157
158	158
159	159
160	160
161	161
162	162
163	163
164	164
165	165
166	166
167	167
168	168
169	169
170	170
171	171
172	172
173	173
174	174
175	175
176	176
177	177
178	178
179	179
180	180
181	181
182	182
183	183
184	184
185	185
186	186
187	187
188	188
189	189
190	190
191	191
192	192
193	193
194	194
195	195
196	196
197	197
198	198
199	199
200	200
201	201
202	202
203	203
204	204
205	205
206	206
207	207
208	208
209	209
210	210
211	211
212	212
213	213
214	214
215	215
216	216
217	217
218	218
219	219
220	220
221	221
222	222
223	223
224	224
225	225
226	226
227	227
228	228
229	229
230	230
231	231
232	232
233	233
234	234
235	235
236	236
237	237
238	238
239	239
240	240
241	241
242	242
243	243
244	244
245	245
246	246
247	247
248	248
249	249
250	250
251	251
252	252
253	253
254	254
255	255
256	256
257	257
258	258
259	259
260	260
261	261
262	262
263	263
264	264
265	265
266	266
267	267
268	268
269	269
270	270
271	271
272	272
273	273
274	274
275	275
276	276
277	277
278	278
279	279
280	280
281	281
282	282
283	283
284	284
285	285
286	286
287	287
288	288
289	289
290	290
291	291
292	292
293	293
294	294
295	295
296	296
297	297
298	298
299	299
300	300
301	301
302	302
303	303
304	304
305	305
306	306
307	307
308	308
309	309
310	310
311	311
312	312
313	313
314	314
315	315
316	316
317	317
318	318
319	319
320	320
321	321
322	322
323	323
324	324
325	325
326	326
327	327
328	328
329	329
330	330
331	331
332	332
333	333
334	334
335	335
336	336
337	337
338	338
339	339
340	340
341	341
342	342
343	343
344	344
345	345
346	346
347	347
348	348
349	349
350	350
351	351
352	352
353	353
354	354
355	355
356	356
357	357
358	358
359	359
360	360
361	361
362	362
363	363
364	364
365	365
366	366
367	367
368	368
369	369
370	370
371	371
372	372
373	373
374	374
375	375
376	376
377	377
378	378
379	379
380	380
381	381
382	382
383	383
384	384
385	385
386	386
387	387
388	388
389	389
390	390
391	391
392	392
393	393
394	394
395	395
396	396
397	397
398	398
399	399
400	400
401	401
402	402
403	403
404	404
405	405
406	406
407	407
408	408
409	409
410	410
411	411
412	412
413	413
414	414
415	415
416	416
417	417
418	418
419	419
420	420
421	421
422	422
423	423
424	424
425	425
426	426
427	427
428	428
429	429
430	430
431	431
432	432
433	433
434	434
435	435
436	436
437	437
438	438
439	439
440	440
441	441
442	442
443	443
444	444
445	445
446	446
447	447
448	448
449	449
450	450
451	451
452	452
453	453
454	454
455	455
456	456
457	457
458	458
459	459
460	460
461	461
462	462
463	463
464	464
465	465
466	466
467	467
468	468
469	469
470	470
471	471
472	472
473	473
474	474
475	475
476	476
477	477
478	478
479	479
480	480
481	481
482	482
483	483
484	484
485	485
486	486
487	487
488	488
489	489
490	490
491	491
492	492
493	493
494	494
495	495
496	496
497	497
498	498
499	499
500	500
501	501
502	502
503	503
504	504
505	505
506	506
507	507
508	508
509	509
510	510
511	511
512	512
513	513
514	514
515	515
516	516
517	517
518	518
519	519
520	520
521	521
522	522
523	523
524	524
525	525
526	526
527	527
528	528
529	529
530	530
531	531
532	532
533	533
534	534
535	535
536	536
537	537
538	538
539	539
540	540
541	541
542	542
543	543
544	544
545	545
546	546
547	547
548	548
549	549
550	550
551	551
552	552
553	553
554	554
555	555
556	556
557	557
558	558
559	559
560	560
561	561
562	562
563	563
564	564
565	565
566	566
567	567
568	568
569	569
570	570
571	571
572	572
573	573
574	574
575	575
576	576
577	577
578	578
579	579
580	580
581	581
582	582
583	583
584	584
585	585
586	586
587	587
588	588
589	589
590	590
591	591
592	592
593	593
594	594
595	595
596	596
597	597
598	598
599	599
600	600
601	601
602	602
603	603
604	604
605	605
606	606
607	607
608	608
609	609
610	610
611	611
612	612
613	613
614	614
615	615
616	616
617	617
618	618
619	619
620	620
621	621
622	622
623	623
624	624
0	625
1	626
2	627
3	628
4	629
5	625
6	626
7	627
8	628
9	629
10	625
11	626
12	627
13	628
14	629
15	625
16	626
17	627
18	628
19	629
20	625
21	626
22	627
23	628
24	629
25	625
26	626
27	627
28	628
29	629
30	625
31	626
32	627
33	628
34	629
35	625
36	626
37	627
38	628
39	629
40	625
41	626
42	627
43	628
44	629
45	625
46	626
47	627
48	628
49	629
50	625
51	626
52	627
53	628
54	629
55	625
56	626
57	627
58	628
59	629
60	625
61	626
62	627
63	628
64	629
65	625
66	626
67	627
68	628
69	629
70	625
71	626
72	627
73	628
74	629
75	625
76	626
77	627
78	628
79	629
80	625
81	626
82	627
83	628
84	629
85	625
86	626
87	627
88	628
89	629
90	625
91	626
92	627
93	628
94	629
95	625
96	626
97	627
98	628
99	629
100	625
101	626
102	627
103	628
104	629
105	625
106	626
107	627
108	628
109	629
110	625
111	626
112	627
113	628
114	629
115	625
116	626
117	627
118	628
119	629
120	625
121	626
122	627
123	628
124	629
125	625
126	626
127	627
128	628
129	629
130	625
131	626
132	627
133	628
134	629
135	625
136	626
137	627
138	628
139	629
140	625
141	626
142	627
143	628
144	629
145	625
146	626
147	627
148	628
149	629
150	625
151	626
152	627
153	628
154	629
155	625
156	626
157	627
158	628
159	629
160	625
161	626
162	627
163	628
164	629
165	625
166	626
167	627
168	628
169	629
170	625
171	626
172	627
173	628
174	629
175	625
176	626
177	627
178	628
179	629
180	625
181	626
182	627
183	628
184	629
185	625
186	626
187	627
188	628
189	629
190	625
191	626
192	627
193	628
194	629
195	625
196	626
197	627
198	628
199	629
200	625
201	626
202	627
203	628
204	629
205	625
206	626
207	627
208	628
209	629
210	625
211	626
212	627
213	628
214	629
215	625
216	626
217	627
218	628
219	629
220	625
221	626
222	627
223	628
224	629
225	625
226	626
227	627
228	628
229	629
230	625
231	626
232	627
233	628
234	629
235	625
236	626
237	627
238	628
239	629
240	625
241	626
242	627
243	628
244	629
245	625
246	626
247	627
248	628
249	629
250	625
251	626
252	627
253	628
254	629
255	625
256	626
257	627
258	628
259	629
260	625
261	626
262	627
263	628
264	629
265	625
266	626
267	627
268	628
269	629
270	625
271	626
272	627
273	628
274	629
275	625
276	626
277	627
278	628
279	629
280	625
281	626
282	627
283	628
284	629
285	625
286	626
287	627
288	628
289	629
290	625
291	626
292	627
293	628
294	629
295	625
296	626
297	627
298	628
299	629
300	625
301	626
302	627
303	628
304	629
305	625
306	626
307	627
308	628
309	629
310	625
311	626
312	627
313	628
314	629
315	625
316	626
317	627
318	628
319	629
320	625
321	626
322	627
323	628
324	629
325	625
326	626
327	627
328	628
329	629
330	625
331	626
332	627
333	628
334	629
335	625
336	626
337	627
338	628
339	629
340	625
341	626
342	627
343	628
344	629
345	625
346	626
347	627
348	628
349	629
350	625
351	626
352	627
353	628
354	629
355	625
356	626
357	627
358	628
359	629
360	625
361	626
362	627
363	628
364	629
365	625
366	626
367	627
368	628
369	629
370	625
371	626
372	627
373	628
374	629
375	625
376	626
377	627
378	628
379	629
380	625
381	626
382	627
383	628
384	629
385	625
386	626
387	627
388	628
389	629
390	625
391	626
392	627
393	628
394	629
395	625
396	626
397	627
398	628
399	629
400	625
401	626
402	627
403	628
404	629
405	625
406	626
407	627
408	628
409	629
410	625
411	626
412	627
413	628
414	629
415	625
416	626
417	627
418	628
419	629
420	625
421	626
422	627
423	628
424	629
425	625
426	626
427	627
428	628
429	629
430	625
431	626
432	627
433	628
434	629
435	625
436	626
437	627
438	628
439	629
440	625
441	626
442	627
443	628
444	629
445	625
446	626
447	627
448	628
449	629
450	625
451	626
452	627
453	628
454	629
455	625
456	626
457	627
458	628
459	629
460	625
461	626
462	627
463	628
464	629
465	625
466	626
467	627
468	628
469	629
470	625
471	626
472	627
473	628
474	629
475	625
476	626
477	627
478	628
479	629
480	625
481	626
482	627
483	628
484	629
485	625
486	626
487	627
488	628
489	629
490	625
491	626
492	627
493	628
494	629
495	625
496	626
497	627
498	628
499	629
500	625
501	626
502	627
503	628
504	629
505	625
506	626
507	627
508	628
509	629
510	625
511	626
512	627
513	628
514	629
515	625
516	626
517	627
518	628
519	629
520	625
521	626
522	627
523	628
524	629
525	625
526	626
527	627
528	628
529	629
530	625
531	626
532	627
533	628
534	629
535	625
536	626
537	627
538	628
539	629
540	625
541	626
542	627
543	628
544	629
545	625
546	626
547	627
548	628
549	629
550	625
551	626
552	627
553	628
554	629
555	625
556	626
557	627
558	628
559	629
560	625
561	626
562	627
563	628
564	629
565	625
566	626
567	627
568	628
569	629
570	625
571	626
572	627
573	628
574	629
575	625
576	626
577	627
578	628
579	629
580	625
581	626
582	627
583	628
584	629
585	625
586	626
587	627
588	628
589	629
590	625
591	626
592	627
593	628
594	629
595	625
596	626
597	627
598	628
599	629
600	625
601	626
602	627
603	628
604	629
605	625
606	626
607	627
608	628
609	629
610	625
611	626
612	627
613	628
614	629
615	625
616	626
617	627
618	628
619	629
620	625
621	626
622	627
623	628
624	629
0	630
1	631
2	632
3	633
4	634
5	635
6	636
7	637
8	638
9	639
10	640
11	641
12	642
13	643
14	644
15	645
16	646
17	647
18	648
19	649
20	650
21	651
22	652
23	653
24	654
25	630
26	631
27	632
28	633
29	634
30	635
31	636
32	637
33	638
34	639
35	640
36	641
37	642
38	643
39	644
40	645
41	646
42	647
43	648
44	649
45	650
46	651
47	652
48	653
49	654
50	630
51	631
52	632
53	633
54	634
55	635
56	636
57	637
58	638
59	639
60	640
61	641
62	642
63	643
64	644
65	645
66	646
67	647
68	648
69	649
70	650
71	651
72	652
73	653
74	654
75	630
76	631
77	632
78	633
79	634
80	635
81	636
82	637
83	638
84	639
85	640
86	641
87	642
88	643
89	644
90	645
91	646
92	647
93	648
94	649
95	650
96	651
97	652
98	653
99	654
100	630
101	631
102	632
103	633
104	634
105	635
106	636
107	637
108	638
109	639
110	640
111	641
112	642
113	643
114	644
115	645
116	646
117	647
118	648
119	649
120	650
121	651
122	652
123	653
124	654
125	630
126	631
127	632
128	633
129	634
130	635
131	636
132	637
133	638
134	639
135	640
136	641
137	642
138	643
139	644
140	645
141	646
142	647
143	648
144	649
145	650
146	651
147	652
148	653
149	654
150	630
151	631
152	632
153	633
154	634
155	635
156	636
157	637
158	638
159	639
160	640
161	641
162	642
163	643
164	644
165	645
166	646
167	647
168	648
169	649
170	650
171	651
172	652
173	653
174	654
175	630
176	631
177	632
178	633
179	634
180	635
181	636
182	637
183	638
184	639
185	640
186	641
187	642
188	643
189	644
190	645
191	646
192	647
193	648
194	649
195	650
196	651
197	652
198	653
199	654
200	630
201	631
202	632
203	633
204	634
205	635
206	636
207	637
208	638
209	639
210	640
211	641
212	642
213	643
214	644
215	645
216	646
217	647
218	648
219	649
220	650
221	651
222	652
223	653
224	654
225	630
226	631
227	632
228	633
229	634
230	635
231	636
232	637
233	638
234	639
235	640
236	641
237	642
238	643
239	644
240	645
241	646
242	647
243	648
244	649
245	650
246	651
247	652
248	653
249	654
250	630
251	631
252	632
253	633
254	634
255	635
256	636
257	637
258	638
259	639
260	640
261	641
262	642
263	643
264	644
265	645
266	646
267	647
268	648
269	649
270	650
271	651
272	652
273	653
274	654
275	630
276	631
277	632
278	633
279	634
280	635
281	636
282	637
283	638
284	639
285	640
286	641
287	642
288	643
289	644
290	645
291	646
292	647
293	648
294	649
295	650
296	651
297	652
298	653
299	654
300	630
301	631
302	632
303	633
304	634
305	635
306	636
307	637
308	638
309	639
310	640
311	641
312	642
313	643
314	644
315	645
316	646
317	647
318	648
319	649
320	650
321	651
322	652
323	653
324	654
325	630
326	631
327	632
328	633
329	634
330	635
331	636
332	637
333	638
334	639
335	640
336	641
337	642
338	643
339	644
340	645
341	646
342	647
343	648
344	649
345	650
346	651
347	652
348	653
349	654
350	630
351	631
352	632
353	633
354	634
355	635
356	636
357	637
358	638
359	639
360	640
361	641
362	642
363	643
364	644
365	645
366	646
367	647
368	648
369	649
370	650
371	651
372	652
373	653
374	654
375	630
376	631
377	632
378	633
379	634
380	635
381	636
382	637
383	638
384	639
385	640
386	641
387	642
388	643
389	644
390	645
391	646
392	647
393	648
394	649
395	650
396	651
397	652
398	653
399	654
400	630
401	631
402	632
403	633
404	634
405	635
406	636
407	637
408	638
409	639
410	640
411	641
412	642
413	643
414	644
415	645
416	646
417	647
418	648
419	649
420	650
421	651
422	652
423	653
424	654
425	630
426	631
427	632
428	633
429	634
430	635
431	636
432	637
433	638
434	639
435	640
436	641
437	642
438	643
439	644
440	645
441	646
442	647
443	648
444	649
445	650
446	651
447	652
448	653
449	654
450	630
451	631
452	632
453	633
454	634
455	635
456	636
457	637
458	638
459	639
460	640
461	641
462	642
463	643
464	644
465	645
466	646
467	647
468	648
469	649
470	650
471	651
472	652
473	653
474	654
475	630
476	631
477	632
478	633
479	634
480	635
481	636
482	637
483	638
484	639
485	640
486	641
487	642
488	643
489	644
490	645
491	646
492	647
493	648
494	649
495	650
496	651
497	652
498	653
499	654
500	630
501	631
502	632
503	633
504	634
505	635
506	636
507	637
508	638
509	639
510	640
511	641
512	642
513	643
514	644
515	645
516	646
517	647
518	648
519	649
520	650
521	651
522	652
523	653
524	654
525	630
526	631
527	632
528	633
529	634
530	635
531	636
532	637
533	638
534	639
535	640
536	641
537	642
538	643
539	644
540	645
541	646
542	647
543	648
544	649
545	650
546	651
547	652
548	653
549	654
550	630
551	631
552	632
553	633
554	634
555	635
556	636
557	637
558	638
559	639
560	640
561	641
562	642
563	643
564	644
565	645
566	646
567	647
568	648
569	649
570	650
571	651
572	652
573	653
574	654
575	630
576	631
577	632
578	633
579	634
580	635
581	636
582	637
583	638
584	639
585	640
586	641
587	642
588	643
589	644
590	645
591	646
592	647
593	648
594	649
595	650
596	651
597	652
598	653
599	654
600	630
601	631
602	632
603	633
604	634
605	635
606	636
607	637
608	638
609	639
610	640
611	641
612	642
613	643
614	644
615	645
616	646
617	647
618	648
619	649
620	650
621	651
622	652
623	653
624	654
0	655
1	656
2	657
3	658
4	659
5	660
6	661
7	662
8	663
9	664
10	665
11	666
12	667
13	668
14	669
15	670
16	671
17	672
18	673
19	674
20	675
21	676
22	677
23	678
24	679
25	680
26	681
27	682
28	683
29	684
30	685
31	686
32	687
33	688
34	689
35	690
36	691
37	692
38	693
39	694
40	695
41	696
42	697
43	698
44	699
45	700
46	701
47	702
48	703
49	704
50	705
51	706
52	707
53	708
54	709
55	710
56	711
57	712
58	713
59	714
60	715
61	716
62	717
63	718
64	719
65	720
66	721
67	722
68	723
69	724
70	725
71	726
72	727
73	728
74	729
75	730
76	731
77	732
78	733
79	734
80	735
81	736
82	737
83	738
84	739
85	740
86	741
87	742
88	743
89	744
90	745
91	746
92	747
93	748
94	749
95	750
96	751
97	752
98	753
99	754
100	755
101	756
102	757
103	758
104	759
105	760
106	761
107	762
108	763
109	764
110	765
111	766
112	767
113	768
114	769
115	770
116	771
117	772
118	773
119	774
120	775
121	776
122	777
123	778
124	779
125	655
126	656
127	657
128	658
129	659
130	660
131	661
132	662
133	663
134	664
135	665
136	666
137	667
138	668
139	669
140	670
141	671
142	672
143	673
144	674
145	675
146	676
147	677
148	678
149	679
150	680
151	681
152	682
153	683
154	684
155	685
156	686
157	687
158	688
159	689
160	690
161	691
162	692
163	693
164	694
165	695
166	696
167	697
168	698
169	699
170	700
171	701
172	702
173	703
174	704
175	705
176	706
177	707
178	708
179	709
180	710
181	711
182	712
183	713
184	714
185	715
186	716
187	717
188	718
189	719
190	720
191	721
192	722
193	723
194	724
195	725
196	726
197	727
198	728
199	729
200	730
201	731
202	732
203	733
204	734
205	735
206	736
207	737
208	738
209	739
210	740
211	741
212	742
213	743
214	744
215	745
216	746
217	747
218	748
219	749
220	750
221	751
222	752
223	753
224	754
225	755
226	756
227	757
228	758
229	759
230	760
231	761
232	762
233	763
234	764
235	765
236	766
237	767
238	768
239	769
240	770
241	771
242	772
243	773
244	774
245	775
246	776
247	777
248	778
249	779
250	655
251	656
252	657
253	658
254	659
255	660
256	661
257	662
258	663
259	664
260	665
261	666
262	667
263	668
264	669
265	670
266	671
267	672
268	673
269	674
270	675
271	676
272	677
273	678
274	679
275	680
276	681
277	682
278	683
279	684
280	685
281	686
282	687
283	688
284	689
285	690
286	691
287	692
288	693
289	694
290	695
291	696
292	697
293	698
294	699
295	700
296	701
297	702
298	703
299	704
300	705
301	706
302	707
303	708
304	709
305	710
306	711
307	712
308	713
309	714
310	715
311	716
312	717
313	718
314	719
315	720
316	721
317	722
318	723
319	724
320	725
321	726
322	727
323	728
324	729
325	730
326	731
327	732
328	733
329	734
330	735
331	736
332	737
333	738
334	739
335	740
336	741
337	742
338	743
339	744
340	745
341	746
342	747
343	748
344	749
345	750
346	751
347	752
348	753
349	754
350	755
351	756
352	757
353	758
354	759
355	760
356	761
357	762
358	763
359	764
360	765
361	766
362	767
363	768
364	769
365	770
366	771
367	772
368	773
369	774
370	775
371	776
372	777
373	778
374	779
375	655
376	656
377	657
378	658
379	659
380	660
381	661
382	662
383	663
384	664
385	665
386	666
387	667
388	668
389	669
390	670
391	671
392	672
393	673
394	674
395	675
396	676
397	677
398	678
399	679
400	680
401	681
402	682
403	683
404	684
405	685
406	686
407	687
408	688
409	689
410	690
411	691
412	692
413	693
414	694
415	695
416	696
417	697
418	698
419	699
420	700
421	701
422	702
423	703
424	704
425	705
426	706
427	707
428	708
429	709
430	710
431	711
432	712
433	713
434	714
435	715
436	716
437	717
438	718
439	719
440	720
441	721
442	722
443	723
444	724
445	725
446	726
447	727
448	728
449	729
450	730
451	731
452	732
453	733
454	734
455	735
456	736
457	737
458	738
459	739
460	740
461	741
462	742
463	743
464	744
465	745
466	746
467	747
468	748
469	749
470	750
471	751
472	752
473	753
474	754
475	755
476	756
477	757
478	758
479	759
480	760
481	761
482	762
483	763
484	764
485	765
486	766
487	767
488	768
489	769
490	770
491	771
492	772
493	773
494	774
495	775
496	776
497	777
498	778
499	779
500	655
501	656
502	657
503	658
504	659
505	660
506	661
507	662
508	663
509	664
510	665
511	666
512	667
513	668
514	669
515	670
516	671
517	672
518	673
519	674
520	675
521	676
522	677
523	678
524	679
525	680
526	681
527	682
528	683
529	684
530	685
531	686
532	687
533	688
534	689
535	690
536	691
537	692
538	693
539	694
540	695
541	696
542	697
543	698
544	699
545	700
546	701
547	702
548	703
549	704
550	705
551	706
552	707
553	708
554	709
555	710
556	711
557	712
558	713
559	714
560	715
561	716
562	717
563	718
564	719
565	720
566	721
567	722
568	723
569	724
570	725
571	726
572	727
573	728
574	729
575	730
576	731
577	732
578	733
579	734
580	735
581	736
582	737
583	738
584	739
585	740
586	741
587	742
588	743
589	744
590	745
591	746
592	747
593	748
594	749
595	750
596	751
597	752
598	753
599	754
600	755
601	756
602	757
603	758
604	759
605	760
606	761
607	762
608	763
609	764
610	765
611	766
612	767
613	768
614	769
615	770
616	771
617	772
618	773
619	774
620	775
621	776
622	777
623	778
624	779
